time,x,y,z,phi,theta,psi,x_velocity,y_velocity,z_velocity,phi_velocity,theta_velocity,psi_velocity,rotor_speed1,rotor_speed2,rotor_speed3,rotor_speed4
0.06,2.63242252034e-08,8.02298628851e-08,10.0020886199,9.55822354065e-05,6.28282547023,0.0,1.447409564e-05,7.50659059241e-06,0.0696183327613,0.00460279682853,-0.0220403422173,0.0,428.38937555234014,426.51154573769566,426.6558832656053,427.04857272112855
0.12000000000000001,1.46693172439e-05,3.85023310046e-06,10.0119271783,0.000131129445512,6.28177822847,0.0,0.000608553595997,0.000137869926783,0.258309047947,-0.00896235696613,-0.00957649956067,0.0,463.5336599878422,464.5119914496081,464.91432577952537,463.8504471172223
0.18,8.9405701987e-05,1.28592508474e-05,10.0349939433,6.28270555026,6.28115170338,0.0,0.00195726535773,9.10461687899e-05,0.510504142668,-0.0127384460333,-0.0122320291008,0.0,482.28404549241185,482.0835991165645,483.7247450626341,483.4404839533473
0.23999999999999996,0.000260839380364,2.83891830093e-06,10.072905275,6.28155072332,6.28051819114,0.0,0.00384085114336,-0.000536931095715,0.753078282066,-0.0372834954382,-0.00740565943485,0.0,480.5139440654003,480.8797581384001,480.8701236509668,479.00746673200376
0.3,0.000560727138526,-8.18184921777e-05,10.1260381253,6.27933115223,6.28067637305,0.0,0.00616640797787,-0.002566204475,1.01781830137,-0.0364179406858,0.0175369751121,0.0,486.2279804806025,488.0927650019674,486.7680799861047,486.83233381009757
0.36000000000000004,0.000985482797919,-0.000337877573613,10.1935061243,6.27743802392,6.28232836626,0.0,0.00782498982023,-0.00620863795457,1.23090927767,-0.0232640633091,0.0423802585869,0.0,471.65838000823555,473.57307118060004,471.81503297529486,472.829049891371
0.4200000000000001,0.00146271471038,-0.000834592821588,10.2704698306,6.27648378102,0.00195667574198,0.0,0.00780682246347,-0.0104652113362,1.334431484,-0.00421018743743,0.0546608904216,0.0,438.8936700392216,439.9129563799486,438.88349344730216,440.461985775235
0.48000000000000015,0.0018834756571,-0.00158758930521,10.3514056352,6.27614548564,0.00539815669573,0.0,0.00591072369067,-0.0146613163161,1.36339330238,-0.00865947299237,0.0622679048276,0.0,415.093183371757,415.7626465773943,415.8949473133894,415.50519728900406
0.5400000000000001,0.00209387761166,-0.00263555482804,10.4391826684,6.275914476,0.00862852309268,0.0,0.000685214348011,-0.0203111995255,1.56225443234,0.00435704902753,0.0260748510997,0.0,470.00014011671124,467.18845455236976,468.97529041401566,469.9852049356438
0.6000000000000002,0.00194657471887,-0.00400678909038,10.5363935706,6.27626643274,0.00989384641689,0.0,-0.00574411264346,-0.025363286501,1.67794497562,0.00872487483515,0.00856151673349,0.0,445.28520977402206,443.8503312129062,443.7734812758575,444.13173898690644
0.6600000000000003,0.0013842292731,-0.00567603252622,10.6411734681,6.27750352903,0.0106874035619,0.0,-0.0130702810814,-0.0301748388288,1.81451133434,0.0375024685604,0.0212194585525,0.0,452.2801478874635,453.29828725896783,448.23739077904645,450.5698060735705
0.7200000000000003,0.000333788327191,-0.00761501917656,10.7567667883,6.27949266158,0.0117970969835,0.0,-0.0220844536884,-0.0341989526766,2.03822769403,0.0226038683303,0.0123975942386,0.0,478.4105945187105,477.73838298697325,477.7888866682404,476.65207985314765
0.7800000000000004,-0.00124504588689,-0.00974019676961,10.882659238,6.28051397102,0.0126081872825,0.0,-0.0306224006489,-0.036511343611,2.15796827999,0.00248547332832,0.0156700268859,0.0,446.8748474180751,447.14138846198693,448.08831812376405,446.44984580803225
0.8400000000000004,-0.00333523929982,-0.0119832692648,11.0142627552,6.28033224591,0.0134829575277,0.0,-0.0391377069924,-0.0382557908548,2.22867899248,-0.0173299543246,0.0123041356387,0.0,432.1855335199735,431.90165726958605,432.9695067935847,431.2992825808383
0.9000000000000005,-0.00595800156496,-0.0143397075544,11.1503615705,6.27924985627,0.0152937618812,0.0,-0.0484249212794,-0.0403965597389,2.30778911258,-0.0194986675031,0.0524784524573,0.0,432.6737249759722,436.0430301874107,435.9014787431896,435.72027322755264
0.9600000000000005,-0.00922567835471,-0.0168583504115,11.293984215,6.27792891783,0.0183736201601,0.0,-0.0608426310345,-0.0436962465257,2.47926973806,-0.0275953345537,0.0489320568527,0.0,464.4610361238411,464.184390201533,464.08793000027646,463.4519991607675
1.0200000000000005,-0.0133268394164,-0.0196122854809,11.448833078,6.27626838598,0.0207136514215,0.0,-0.0761927254767,-0.048293267038,2.68189788664,-0.0278363842076,-0.00602618597564,0.0,476.51206038490074,472.2927264402921,473.70126317332614,473.6825862489736
1.0800000000000005,-0.0183691475386,-0.0226744999986,11.6148586727,6.27425622396,0.020761068983,0.0,-0.0918611958102,-0.0539803886468,2.85187834073,-0.048485668775,0.0117814684092,0.0,463.82961417957983,465.2260117463413,466.88471629219697,465.2703957694145
1.1400000000000006,-0.0243555899157,-0.0261285416679,11.7910318478,6.27115471199,0.0214692053766,0.0,-0.107757331588,-0.0614859459934,3.02012570569,-0.0590278176702,0.0118438501419,0.0,466.3955833268602,466.4003250249539,465.28847584534685,464.4607893385493
1.2000000000000006,-0.0313545445259,-0.0301308750147,11.9792734712,6.26770490847,0.0221081787905,0.0,-0.12560989911,-0.0723424266705,3.25395093835,-0.0545992030431,0.0081470736885,0.0,487.42415318628804,487.14766905105887,484.04795328302345,484.379123627742
1.2600000000000007,-0.03931126939,-0.0347758257797,12.1757709656,6.2643954939,0.0224023097728,0.0,-0.139649289727,-0.0827947574744,3.29583805515,-0.0562958576101,-0.00253967152188,0.0,427.0013188307857,426.08856903411095,430.5269761305434,430.38123932235425
1.3200000000000007,-0.048160516512,-0.0401513627346,12.3768659612,6.26065041927,0.0222697637926,0.0,-0.155303931763,-0.096748070494,3.40699492715,-0.0789204507047,-0.00155597111306,0.0,450.7834180308074,450.862950150721,451.6377507144597,449.8062564442119
1.3800000000000008,-0.0581707287621,-0.0466829493631,12.5947036824,6.25641624288,0.0220334456363,0.0,-0.178314765093,-0.121619486045,3.85285275553,-0.0576468475494,-0.00918998381945,0.0,545.4666792553239,544.9567102080531,544.6468410772864,546.0648447315914
1.4400000000000008,-0.0694336886406,-0.0546839261927,12.8338935133,6.2525098505,0.0216982087233,0.0,-0.197042454069,-0.145511035366,4.11920620331,-0.0873862759295,0.000788672238762,0.0,500.11473735702106,500.84115045701435,500.4578446243212,498.28546683767297
1.5000000000000009,-0.0817286026127,-0.0641016258144,13.0851160462,6.24785697982,0.0215954463034,0.0,-0.212775398784,-0.168921367387,4.25436399083,-0.0628839727588,-0.00725506779195,0.0,464.0656546421363,463.43382131392565,462.7160002173553,464.6362769898379
1.560000000000001,-0.0949707915657,-0.0750323165406,13.3447859845,6.2438372133,0.0210117717969,0.0,-0.228564770314,-0.195837159648,4.40072960458,-0.0768383975508,-0.015199600524,0.0,468.830706642948,468.2131082821709,468.26753843925445,467.17747814793063
1.620000000000001,-0.109149188161,-0.0876756536385,13.613373135,6.23898992333,0.0205276945464,0.0,-0.24396355797,-0.226099568004,4.55156164063,-0.0901612950969,0.00333331190303,0.0,470.48229014949624,471.91523307269136,470.54628059176713,469.5087151778508
1.680000000000001,-0.124210574254,-0.102170241725,13.8893386917,6.23340672332,0.0206483512435,0.0,-0.258091711683,-0.257591550319,4.64687413119,-0.0995705771335,-0.000774628789979,0.0,455.4518356993134,455.1230910051799,455.24913118530515,454.4883904921181
1.740000000000001,-0.140107553913,-0.11863705309,14.1703516969,6.22751066102,0.0204350595391,0.0,-0.271790028328,-0.29186789141,4.7198885915,-0.0957834553236,-0.00979353208229,0.0,449.53595384906964,448.8045212223604,448.75883865438453,449.05799209364505
1.8000000000000012,-0.15678038747,-0.137164977684,14.4537705791,6.22170874589,0.0194576323759,0.0,-0.283906599093,-0.326237275903,4.72733918449,-0.0985931900147,-0.0342795493836,0.0,429.115588494184,427.03168220089685,429.6907143864546,429.44407393190613
1.8600000000000012,-0.174159337163,-0.157863690856,14.737698754,6.21570383563,0.0170962695327,0.0,-0.295198749397,-0.364245026372,4.73685396251,-0.103236307855,-0.0521744028039,0.0,429.4118560721843,427.8900200489226,430.8412271854741,430.4394219293998
1.9200000000000013,-0.192225807901,-0.181177108709,15.0254835928,6.21006504912,0.0147162125641,0.0,-0.306729214385,-0.413449138307,4.85542638675,-0.0799839956645,-0.0221645538467,0.0,462.96398418954004,465.3185365728458,463.0694444399894,464.88780033570555
1.9800000000000013,-0.210928674854,-0.207501327772,15.3196121466,6.20496779703,0.0132060572112,0.0,-0.316552282957,-0.464491520436,4.94840913876,-0.0974204036907,-0.0319807908666,0.0,457.6317897227293,456.8495650436477,458.22894619656387,456.83470453991447
2.0400000000000014,-0.230206321179,-0.237102481431,15.6206472175,6.19914280325,0.0119811679068,0.0,-0.325867172695,-0.522791770978,5.08542474535,-0.0964177726139,-0.00386997384465,0.0,470.48126716693474,472.6529276527458,471.6547455940402,471.72472101942316
2.1000000000000014,-0.249954133988,-0.269843650231,15.9242093013,6.19310585908,0.0118424515727,0.0,-0.332381958323,-0.569068023952,5.03348081816,-0.110704950412,0.000635198606881,0.0,412.81924647800173,413.2167026724211,413.6441888518197,412.3741390131315
2.1600000000000015,-0.270108329291,-0.305589952079,16.2260550763,6.18674204085,0.0119606352377,0.0,-0.33943214863,-0.623036832379,5.02799120195,-0.0981101303812,0.00451362720044,0.0,428.279100492627,428.60886075872827,427.39795265228946,428.4598009677678
2.2200000000000015,-0.290723690868,-0.344965187719,16.530437566,6.18079309896,0.0126806347497,0.0,-0.347794982229,-0.69002450383,5.11760158992,-0.101310505231,0.0238552231421,0.0,457.67510603360057,459.21205055544067,458.6683247856088,458.40591793530155
2.2800000000000016,-0.311871239781,-0.388572112056,16.8410529464,6.17456843859,0.0135716629687,0.0,-0.357252853244,-0.764124634664,5.23560039724,-0.109115321254,-0.0172164995062,0.0,469.09931481200044,465.89862555807287,469.070767539175,468.4553912165574
2.3400000000000016,-0.333629485663,-0.437038822932,17.1612694137,6.16802045791,0.0126597977673,0.0,-0.367896168447,-0.852091633657,5.43721112072,-0.109168384577,-0.0114385964032,0.0,493.5152110036511,493.9416783627768,494.1097787783992,494.0966770384574
2.4000000000000017,-0.355971706121,-0.49061915118,17.4908293691,6.16192278112,0.0119455128883,0.0,-0.376765620942,-0.93450549233,5.54746322491,-0.0897122039729,-0.0128537319132,0.0,469.2716895767478,469.1619424668375,468.5682937195447,470.0700745135914
2.4600000000000017,-0.378745774811,-0.548385148295,17.8197957727,6.15650632043,0.0116280265404,0.0,-0.38234293788,-0.991471775635,5.41861778588,-0.0914221742983,0.00666024890804,0.0,391.92364782834176,393.733641550566,391.8505956444351,391.68354288974814
2.520000000000002,-0.401938157513,-0.610573017017,18.1482500319,6.15080127479,0.0119661940244,0.0,-0.390768690886,-1.08196411253,5.52918771456,-0.103647223455,0.00350480158339,0.0,469.74383369860095,469.49894126972345,470.2020792601509,469.2466526076383
2.580000000000002,-0.425580382276,-0.677622743786,18.4781759571,6.14465937402,0.0122312256173,0.0,-0.397327877486,-1.15354797762,5.46851112639,-0.0999184990626,0.00618232515207,0.0,416.4739134006194,416.7080045747244,416.1341204210795,416.450585295654
2.640000000000002,-0.449695424029,-0.749901623497,18.8103998356,6.13896597773,0.0130208739018,0.0,-0.406563959875,-1.25627673728,5.60478507863,-0.0863694186522,0.0243631319669,0.0,477.94769969489533,479.33145166030147,477.69389879594627,478.719090257834
2.700000000000002,-0.47433883013,-0.827953654281,19.1472712557,6.13370987191,0.0145240053468,0.0,-0.415015404948,-1.34591158118,5.62401518062,-0.0901860969852,0.0263957059426,0.0,444.5751411280255,444.74178338469005,443.85315714049926,443.5333690459852
2.760000000000002,-0.49952311737,-0.91154079586,19.4856660023,6.12821611194,0.0160172475268,0.0,-0.424600232254,-1.4408011241,5.65548444166,-0.0944664202496,0.0216862701858,0.0,449.06891648409635,448.6867597225917,448.5037627612675,448.1489415544825
2.820000000000002,-0.52533705304,-1.00118839527,19.8275968107,6.12273150161,0.0169656369857,0.0,-0.435973506449,-1.54793750594,5.74158238385,-0.0859116473268,0.000200345875038,0.0,467.3494284668441,465.67134962402287,465.6531294492276,466.31535380938715
2.880000000000002,-0.551760683937,-1.09654668999,20.1695796798,6.11763952143,0.0164906597999,0.0,-0.44481112143,-1.63112663043,5.65811544611,-0.0828549360174,-0.033760499957,0.0,413.46435841775985,410.46077852874305,413.4028985592855,413.6657118359908
2.940000000000002,-0.578746741716,-1.1974341263,20.5092650285,6.11256365188,0.0149252377025,0.0,-0.454567184357,-1.73222750216,5.66452092101,-0.0883310941545,-0.0140045379183,0.0,441.78315110349723,443.409230531745,441.78168209240596,441.3238939712494
3.000000000000002,-0.606256064086,-1.30404743887,20.8468033134,6.10717891134,0.0137419021022,0.0,-0.462341632853,-1.82202567762,5.58697066043,-0.0927343230215,-0.0347390337377,0.0,415.1827124898852,413.35906015573534,415.22448150692446,414.830560789792
3.0600000000000023,-0.634313693309,-1.41749769615,21.1872831791,6.10168390073,0.0116654392365,0.0,-0.472663416254,-1.96011606349,5.76122790584,-0.0893773938544,-0.034346414813,0.0,493.04819250605607,493.0768302519218,493.35538116285034,493.5970757327737
3.1200000000000023,-0.66287758059,-1.5383124504,21.5325023045,6.09689037183,0.00942109158738,0.0,-0.479283606433,-2.06748998399,5.74594985919,-0.065630835748,-0.0443582400926,0.0,437.77513471360857,436.94038139445587,436.6180428458778,438.5896365434372
3.1800000000000024,-0.69179229729,-1.66552717138,21.8761205853,6.09356623108,0.00695574972052,0.0,-0.484332167572,-2.17334267689,5.70800996493,-0.0402996569988,-0.0352444623924,0.0,430.902114013002,431.67107162193463,428.1851159519667,430.3327617207074
3.2400000000000024,-0.720962609477,-1.79891805459,22.2162371199,6.09101569189,0.00491341653629,0.0,-0.487856427073,-2.27330581883,5.62945523779,-0.047339252292,-0.0317310983043,0.0,415.8700382630872,416.17717553271183,417.3026629571528,416.68644315256336
3.3000000000000025,-0.750323740558,-1.93878050283,22.5538082492,6.08783584361,0.00274585818242,0.0,-0.490673047409,-2.38905929172,5.62276292702,-0.0677958862585,-0.0468075267746,0.0,440.631557703688,439.3825159980681,440.77945362222,439.08325741237877
3.3600000000000025,-0.779818318063,-2.08612878205,22.8933395932,6.08351492002,6.28294021154,0.0,-0.492193711712,-2.52290144365,5.69433849077,-0.0821712249063,-0.0567549077883,0.0,465.60193012063337,464.8214232431622,465.4931592102015,464.3628110064977
3.4200000000000026,-0.80934511685,-2.24098544632,23.2340940343,6.07830908475,6.27969682795,0.0,-0.4917564432,-2.63945388665,5.6640514434,-0.0980407219634,-0.049144054465,0.0,433.02098453521455,433.6588586381951,435.2223063066274,433.8851928061612
3.4800000000000026,-0.83878352099,-2.40337791505,23.5751297266,6.07243232474,6.276718809,0.0,-0.489246932598,-2.77414459667,5.70329313977,-0.0977573729304,-0.0506309182631,0.0,457.1788128209967,457.0588404548933,456.01760425517114,456.03228675794367
3.5400000000000027,-0.867968000768,-2.575357345,23.9249324861,6.06677895178,6.27358545583,0.0,-0.483191401218,-2.95893516697,5.95506007,-0.0879588135023,-0.055611330331,0.0,519.8471560034161,519.4966528978434,520.1592955343268,520.8390006594307
3.6000000000000028,-0.896777808941,-2.75708884768,24.2830737399,6.06144976841,6.26999973577,0.0,-0.476820763569,-3.09924797561,5.98250018271,-0.0905983786943,-0.0697173601898,0.0,457.5351780604443,456.40800415367033,458.173342627844,457.9570750831902
3.660000000000003,-0.925095594684,-2.94798484401,24.6456354699,6.05623848902,6.26612174856,0.0,-0.466690772866,-3.26437101645,6.10184143517,-0.080262180511,-0.0560301780799,0.0,485.9784967125227,487.000820189828,486.2446065599095,487.0129141456552
3.720000000000003,-0.952798513843,-3.14796628612,25.0112539216,6.05124380348,6.26259663332,0.0,-0.45644584155,-3.40213657891,6.08519124695,-0.0899951183247,-0.0648395932061,0.0,447.6713052052513,446.9513217013948,446.4514794985313,445.6507731310139
3.780000000000003,-0.979769000899,-3.35690801359,25.3783427223,6.04615341072,6.25882902211,0.0,-0.442206265872,-3.56302363856,6.15032625772,-0.0761361193893,-0.0589884726298,0.0,472.4765645337674,472.92495429254103,472.6232263525466,473.6849128596175
3.840000000000003,-1.00586564515,-3.57510473224,25.7471999522,6.04203344333,6.25581640469,0.0,-0.427401391411,-3.71061139033,6.14457919125,-0.0568367660228,-0.0367722992099,0.0,451.51121213979354,453.2987687908436,451.5482109089701,453.0991977955799
3.900000000000003,-1.03097839359,-3.80263726238,26.1172806676,6.03865219832,6.25380030787,0.0,-0.409501003544,-3.87409802869,6.19080118706,-0.0554061588687,-0.0279151791615,0.0,468.33945311552503,469.02760382745583,470.01506115717734,470.1239768025961
3.960000000000003,-1.05515777108,-4.03860541668,26.4842784819,6.03527660124,6.25228695507,0.0,-0.396350104848,-3.99199632518,6.04299916872,-0.0580239229211,-0.020318841998,0.0,406.4078216301954,407.08814685208097,406.5340035259599,406.29682469608775
4.020000000000002,-1.07825763828,-4.28385300735,26.8508159745,6.03266643542,6.25120370097,0.0,-0.37355087258,-4.18309256838,6.17374052347,-0.0240730597712,-0.0138716610908,0.0,494.8149914104918,495.2895866881455,493.874996897909,496.3722047799633
4.080000000000001,-1.10009470694,-4.53965222618,27.2213111465,6.03092892099,6.25052314583,0.0,-0.3542894005,-4.34375752568,6.17574806163,-0.0411609987475,-0.00671167107358,0.0,458.52749203897275,459.0962219798536,458.2766564437482,456.9157561486027
4.14,-1.12078527411,-4.8049937991,27.5912868894,6.02827426182,6.24999870844,0.0,-0.335358199074,-4.50127899293,6.15650979333,-0.0512586206877,-0.0131433191783,0.0,452.35765665311186,451.839423107748,452.74106715080967,451.9265811367816
4.199999999999998,-1.14035270659,-5.07968250002,27.9593939389,6.02538775881,6.24883125978,0.0,-0.316809915611,-4.65539407659,6.11357845299,-0.0424556479874,-0.0367142642325,0.0,446.4432120129416,444.5152534103399,444.4495940298385,445.1692634569831
4.259999999999997,-1.15875000394,-5.36393609598,28.325813079,6.02280736527,6.24684234087,0.0,-0.296255306736,-4.82005154348,6.10006215245,-0.0441314639415,-0.0268324883272,0.0,454.6509647196597,455.4417983928385,454.9520815985756,454.8168741278218
4.319999999999996,-1.17590118205,-5.65799792522,28.6908353413,6.02013238442,6.24485277556,0.0,-0.27530284543,-4.98237453644,6.06711990019,-0.0455014803992,-0.0504634400716,0.0,449.9765218374548,448.05838342285784,449.903771889485,449.7916951342952
4.379999999999995,-1.19183715669,-5.96133589736,29.0518403762,6.01769941674,6.24180365984,0.0,-0.255654470766,-5.12934723106,5.96657371029,-0.0321364020655,-0.051538274642,0.0,428.17278157116823,428.0795549915143,426.24437105213775,427.3843876553597
4.439999999999993,-1.20646822521,-6.27406052653,29.4086100208,6.01602856043,6.23851706753,0.0,-0.231780739194,-5.29514296644,5.9255793381,-0.0204159686142,-0.0621969900319,0.0,447.15496498430014,446.28355569591724,446.6034275161324,447.5584165922132
4.499999999999992,-1.21952903482,-6.59726426206,29.7645871154,6.01479477753,6.23441393355,0.0,-0.203237531654,-5.47853966287,5.93981678239,-0.0208588168471,-0.0851419624337,0.0,466.4291954788157,464.62982334269617,464.3345747453201,464.2998615972667
4.559999999999991,-1.23109886214,-6.92992311794,30.1155205445,6.01365877148,6.23007307421,0.0,-0.182087226794,-5.61062454524,5.75867964224,-0.0153370468357,-0.0545630850829,0.0,397.9500303691798,400.73508411322854,400.6097382452045,401.11167840315255
4.6199999999999894,-1.24108143857,-7.27188848609,30.4603388204,6.01356390714,6.22662036209,0.0,-0.15037840147,-5.78847394242,5.73500884572,0.0171413522494,-0.0642961560275,0.0,452.91958170541625,452.1336458325241,451.06133413517983,453.6773603511873
4.679999999999988,-1.24921723056,-7.62402300802,30.8017148949,6.01448907421,6.2226718949,0.0,-0.120493957135,-5.94964200634,5.64440846754,0.0117319591399,-0.0690150605829,0.0,431.0188670429046,430.6163914608074,430.98764552880806,430.5299816114779
4.739999999999987,-1.25568590698,-7.98505769836,31.1346727167,6.01573184194,6.21872576816,0.0,-0.0948184597433,-6.08533933235,5.45499273306,0.0343936177905,-0.0599621871948,0.0,395.23160961629145,396.0615447956433,394.03081815226705,396.12099988047106
4.799999999999986,-1.26005074338,-8.3563639882,31.4638624891,6.01739227666,6.21537640454,0.0,-0.0503655194813,-6.29151576279,5.51732326741,0.00876181343319,-0.0486190589108,0.0,477.0451832491205,477.90883891687866,478.99028806060807,477.0367014122015
4.859999999999984,-1.26179814454,-8.73963354244,31.7951317465,6.01782131581,6.21221622937,0.0,-0.00762123735691,-6.48433660117,5.52455491844,0.00371604829302,-0.062334899782,0.0,461.78209604051705,460.6968451096221,463.1828893290916,462.7856865701108
4.919999999999983,-1.26110842678,-9.13383881236,32.1242552517,6.01778097455,6.20847014721,0.0,0.0309260371274,-6.65622468615,5.44629237994,-0.0113385335793,-0.0626349661161,0.0,435.67217672660183,435.6441841090553,435.45603891854375,434.19453101328065
4.979999999999982,-1.2578324669,-9.53916866812,32.4513708882,6.01703250243,6.20432977799,0.0,0.0786083718484,-6.85507615421,5.45701661698,-0.0148492142697,-0.0864771809049,0.0,466.059935381165,464.18862515536944,463.1775705327111,462.9014471135761
5.0399999999999805,-1.25200448468,-9.95522369706,32.7743628383,6.01628229658,6.19934503316,0.0,0.116058339221,-7.01400028344,5.30979468736,-0.00818235237403,-0.0770306321637,0.0,411.90226447721363,412.730833064335,412.6759199931599,413.2642677247138
